<html>
<head><meta charset="utf-8" /></head>
<body>
    <div>
        
                <script type="text/javascript">window.PlotlyConfig = {MathJaxConfig: 'local'};</script>
        <script src="https://cdn.plot.ly/plotly-latest.min.js"></script>    
            <div id="3a3c83bb-18da-407a-89ac-611da73f1b4f" class="plotly-graph-div" style="height:100%; width:100%;"></div>
            <script type="text/javascript">
                
                    window.PLOTLYENV=window.PLOTLYENV || {};
                    
                if (document.getElementById("3a3c83bb-18da-407a-89ac-611da73f1b4f")) {
                    Plotly.newPlot(
                        '3a3c83bb-18da-407a-89ac-611da73f1b4f',
                        [{"coloraxis": "coloraxis", "hovertemplate": "x: %{x}<br>y: %{y}<br>color: %{z}<extra></extra>", "type": "heatmap", "x": ["valence", "year", "acousticness", "danceability", "duration_ms", "energy", "explicit", "instrumentalness", "key", "liveness", "loudness", "mode", "popularity", "speechiness", "tempo"], "y": ["valence", "year", "acousticness", "danceability", "duration_ms", "energy", "explicit", "instrumentalness", "key", "liveness", "loudness", "mode", "popularity", "speechiness", "tempo"], "z": [[1.0, -0.028245108021961236, -0.18410103124550867, 0.5589464770684099, -0.1918129215875305, 0.3538759791686479, -0.01861257895897175, -0.19850096732369665, 0.028472941473395262, 0.0038323579142529535, 0.3135116176816972, 0.0156411547873463, 0.014200433403750665, 0.04638097928533839, 0.17168859843592793], [-0.028245108021961236, 1.0, -0.614250065401235, 0.18851547335752877, 0.0797126988352245, 0.53027176242733, 0.22088052190261434, -0.27237097026745777, 0.007539701768251536, -0.057318201923729294, 0.4876968825589794, -0.03238485627656892, 0.8624420111063104, -0.1678158641681705, 0.14104805681588625], [-0.18410103124550867, -0.614250065401235, 1.0, -0.2668521038992898, -0.0763732332454352, -0.7493929916853505, -0.24600746905356363, 0.3298193279451768, -0.020549759435617466, -0.024482481337217445, -0.5616963835982384, 0.047168264625153576, -0.573161774944435, -0.04398031985571615, -0.20711969223786186], [0.5589464770684099, 0.18851547335752877, -0.2668521038992898, 1.0, -0.13993725288522924, 0.2219669392994601, 0.24175696732589447, -0.2780634962103776, 0.024438584548221853, -0.10019299074260338, 0.2850566616733269, -0.04595592374462397, 0.19960616547094182, 0.23549141249735137, 0.001800601858240157], [-0.1918129215875305, 0.0797126988352245, -0.0763732332454352, -0.13993725288522924, 1.0, 0.04211868425298097, -0.0488798103284021, 0.08477041809092824, -0.004266477568238148, 0.04716761188033554, -0.0030370376805157356, -0.04608502661584579, 0.05959666650440087, -0.0846039063568567, -0.02547231392192476], [0.3538759791686479, 0.53027176242733, -0.7493929916853505, 0.2219669392994601, 0.04211868425298097, 1.0, 0.13272340621509857, -0.28110143598827325, 0.027704936187762267, 0.1261917676581479, 0.7823619574329737, -0.03925988897751155, 0.4850050396532505, -0.07055488125592094, 0.25086527376127293], [-0.01861257895897175, 0.22088052190261434, -0.24600746905356363, 0.24175696732589447, -0.0488798103284021, 0.13272340621509857, 1.0, -0.1409866141493878, 0.005431968460397666, 0.03963978695853361, 0.14030002225274618, -0.0788716275578774, 0.19154277307860915, 0.4140704814244016, 0.011969449574582774], [-0.19850096732369665, -0.27237097026745777, 0.3298193279451768, -0.2780634962103776, 0.08477041809092824, -0.28110143598827325, -0.1409866141493878, 1.0, -0.014590801759299148, -0.047192646785850334, -0.4086112645071952, -0.03654292561399652, -0.29675025432597624, -0.1216998362886754, -0.10536138774707171], [0.028472941473395262, 0.007539701768251536, -0.020549759435617466, 0.024438584548221853, -0.004266477568238148, 0.027704936187762267, 0.005431968460397666, -0.014590801759299148, 1.0, 0.00020543941776815955, 0.01738498197065337, -0.11625960759175043, 0.007825642605899213, 0.02378404334020643, 0.002628996712136024], [0.0038323579142529535, -0.057318201923729294, -0.024482481337217445, -0.10019299074260338, 0.04716761188033554, 0.1261917676581479, 0.03963978695853361, -0.047192646785850334, 0.00020543941776815955, 1.0, 0.056421736488084996, 0.0026407179070218737, -0.07646407487237818, 0.13466742994586622, 0.007713504336212047], [0.3135116176816972, 0.4876968825589794, -0.5616963835982384, 0.2850566616733269, -0.0030370376805157356, 0.7823619574329737, 0.14030002225274618, -0.4086112645071952, 0.01738498197065337, 0.056421736488084996, 1.0, -0.010726939632859532, 0.45705061592163476, -0.13929570294750707, 0.20977445609401318], [0.0156411547873463, -0.03238485627656892, 0.047168264625153576, -0.04595592374462397, -0.04608502661584579, -0.03925988897751155, -0.0788716275578774, -0.03654292561399652, -0.11625960759175043, 0.0026407179070218737, -0.010726939632859532, 1.0, -0.028897057067051892, -0.05779607185299004, 0.011636583398150725], [0.014200433403750665, 0.8624420111063104, -0.573161774944435, 0.19960616547094182, 0.05959666650440087, 0.4850050396532505, 0.19154277307860915, -0.29675025432597624, 0.007825642605899213, -0.07646407487237818, 0.45705061592163476, -0.028897057067051892, 1.0, -0.1719787177665378, 0.13331015465969137], [0.04638097928533839, -0.1678158641681705, -0.04398031985571615, 0.23549141249735137, -0.0846039063568567, -0.07055488125592094, 0.4140704814244016, -0.1216998362886754, 0.02378404334020643, 0.13466742994586622, -0.13929570294750707, -0.05779607185299004, -0.1719787177665378, 1.0, -0.011523179768502723], [0.17168859843592793, 0.14104805681588625, -0.20711969223786186, 0.001800601858240157, -0.02547231392192476, 0.25086527376127293, 0.011969449574582774, -0.10536138774707171, 0.002628996712136024, 0.007713504336212047, 0.20977445609401318, 0.011636583398150725, 0.13331015465969137, -0.011523179768502723, 1.0]]}],
                        {"coloraxis": {"colorscale": [[0.0, "rgb(36, 86, 104)"], [0.16666666666666666, "rgb(15, 114, 121)"], [0.3333333333333333, "rgb(13, 143, 129)"], [0.5, "rgb(57, 171, 126)"], [0.6666666666666666, "rgb(110, 197, 116)"], [0.8333333333333334, "rgb(169, 220, 103)"], [1.0, "rgb(237, 239, 93)"]]}, "margin": {"t": 60}, "template": {"data": {"bar": [{"error_x": {"color": "#2a3f5f"}, "error_y": {"color": "#2a3f5f"}, "marker": {"line": {"color": "#E5ECF6", "width": 0.5}}, "type": "bar"}], "barpolar": [{"marker": {"line": {"color": "#E5ECF6", "width": 0.5}}, "type": "barpolar"}], "carpet": [{"aaxis": {"endlinecolor": "#2a3f5f", "gridcolor": "white", "linecolor": "white", "minorgridcolor": "white", "startlinecolor": "#2a3f5f"}, "baxis": {"endlinecolor": "#2a3f5f", "gridcolor": "white", "linecolor": "white", "minorgridcolor": "white", "startlinecolor": "#2a3f5f"}, "type": "carpet"}], "choropleth": [{"colorbar": {"outlinewidth": 0, "ticks": ""}, "type": "choropleth"}], "contour": [{"colorbar": {"outlinewidth": 0, "ticks": ""}, "colorscale": [[0.0, "#0d0887"], [0.1111111111111111, "#46039f"], [0.2222222222222222, "#7201a8"], [0.3333333333333333, "#9c179e"], [0.4444444444444444, "#bd3786"], [0.5555555555555556, "#d8576b"], [0.6666666666666666, "#ed7953"], [0.7777777777777778, "#fb9f3a"], [0.8888888888888888, "#fdca26"], [1.0, "#f0f921"]], "type": "contour"}], "contourcarpet": [{"colorbar": {"outlinewidth": 0, "ticks": ""}, "type": "contourcarpet"}], "heatmap": [{"colorbar": {"outlinewidth": 0, "ticks": ""}, "colorscale": [[0.0, "#0d0887"], [0.1111111111111111, "#46039f"], [0.2222222222222222, "#7201a8"], [0.3333333333333333, "#9c179e"], [0.4444444444444444, "#bd3786"], [0.5555555555555556, "#d8576b"], [0.6666666666666666, "#ed7953"], [0.7777777777777778, "#fb9f3a"], [0.8888888888888888, "#fdca26"], [1.0, "#f0f921"]], "type": "heatmap"}], "heatmapgl": [{"colorbar": {"outlinewidth": 0, "ticks": ""}, "colorscale": [[0.0, "#0d0887"], [0.1111111111111111, "#46039f"], [0.2222222222222222, "#7201a8"], [0.3333333333333333, "#9c179e"], [0.4444444444444444, "#bd3786"], [0.5555555555555556, "#d8576b"], [0.6666666666666666, "#ed7953"], [0.7777777777777778, "#fb9f3a"], [0.8888888888888888, "#fdca26"], [1.0, "#f0f921"]], "type": "heatmapgl"}], "histogram": [{"marker": {"colorbar": {"outlinewidth": 0, "ticks": ""}}, "type": "histogram"}], "histogram2d": [{"colorbar": {"outlinewidth": 0, "ticks": ""}, "colorscale": [[0.0, "#0d0887"], [0.1111111111111111, "#46039f"], [0.2222222222222222, "#7201a8"], [0.3333333333333333, "#9c179e"], [0.4444444444444444, "#bd3786"], [0.5555555555555556, "#d8576b"], [0.6666666666666666, "#ed7953"], [0.7777777777777778, "#fb9f3a"], [0.8888888888888888, "#fdca26"], [1.0, "#f0f921"]], "type": "histogram2d"}], "histogram2dcontour": [{"colorbar": {"outlinewidth": 0, "ticks": ""}, "colorscale": [[0.0, "#0d0887"], [0.1111111111111111, "#46039f"], [0.2222222222222222, "#7201a8"], [0.3333333333333333, "#9c179e"], [0.4444444444444444, "#bd3786"], [0.5555555555555556, "#d8576b"], [0.6666666666666666, "#ed7953"], [0.7777777777777778, "#fb9f3a"], [0.8888888888888888, "#fdca26"], [1.0, "#f0f921"]], "type": "histogram2dcontour"}], "mesh3d": [{"colorbar": {"outlinewidth": 0, "ticks": ""}, "type": "mesh3d"}], "parcoords": [{"line": {"colorbar": {"outlinewidth": 0, "ticks": ""}}, "type": "parcoords"}], "pie": [{"automargin": true, "type": "pie"}], "scatter": [{"marker": {"colorbar": {"outlinewidth": 0, "ticks": ""}}, "type": "scatter"}], "scatter3d": [{"line": {"colorbar": {"outlinewidth": 0, "ticks": ""}}, "marker": {"colorbar": {"outlinewidth": 0, "ticks": ""}}, "type": "scatter3d"}], "scattercarpet": [{"marker": {"colorbar": {"outlinewidth": 0, "ticks": ""}}, "type": "scattercarpet"}], "scattergeo": [{"marker": {"colorbar": {"outlinewidth": 0, "ticks": ""}}, "type": "scattergeo"}], "scattergl": [{"marker": {"colorbar": {"outlinewidth": 0, "ticks": ""}}, "type": "scattergl"}], "scattermapbox": [{"marker": {"colorbar": {"outlinewidth": 0, "ticks": ""}}, "type": "scattermapbox"}], "scatterpolar": [{"marker": {"colorbar": {"outlinewidth": 0, "ticks": ""}}, "type": "scatterpolar"}], "scatterpolargl": [{"marker": {"colorbar": {"outlinewidth": 0, "ticks": ""}}, "type": "scatterpolargl"}], "scatterternary": [{"marker": {"colorbar": {"outlinewidth": 0, "ticks": ""}}, "type": "scatterternary"}], "surface": [{"colorbar": {"outlinewidth": 0, "ticks": ""}, "colorscale": [[0.0, "#0d0887"], [0.1111111111111111, "#46039f"], [0.2222222222222222, "#7201a8"], [0.3333333333333333, "#9c179e"], [0.4444444444444444, "#bd3786"], [0.5555555555555556, "#d8576b"], [0.6666666666666666, "#ed7953"], [0.7777777777777778, "#fb9f3a"], [0.8888888888888888, "#fdca26"], [1.0, "#f0f921"]], "type": "surface"}], "table": [{"cells": {"fill": {"color": "#EBF0F8"}, "line": {"color": "white"}}, "header": {"fill": {"color": "#C8D4E3"}, "line": {"color": "white"}}, "type": "table"}]}, "layout": {"annotationdefaults": {"arrowcolor": "#2a3f5f", "arrowhead": 0, "arrowwidth": 1}, "coloraxis": {"colorbar": {"outlinewidth": 0, "ticks": ""}}, "colorscale": {"diverging": [[0, "#8e0152"], [0.1, "#c51b7d"], [0.2, "#de77ae"], [0.3, "#f1b6da"], [0.4, "#fde0ef"], [0.5, "#f7f7f7"], [0.6, "#e6f5d0"], [0.7, "#b8e186"], [0.8, "#7fbc41"], [0.9, "#4d9221"], [1, "#276419"]], "sequential": [[0.0, "#0d0887"], [0.1111111111111111, "#46039f"], [0.2222222222222222, "#7201a8"], [0.3333333333333333, "#9c179e"], [0.4444444444444444, "#bd3786"], [0.5555555555555556, "#d8576b"], [0.6666666666666666, "#ed7953"], [0.7777777777777778, "#fb9f3a"], [0.8888888888888888, "#fdca26"], [1.0, "#f0f921"]], "sequentialminus": [[0.0, "#0d0887"], [0.1111111111111111, "#46039f"], [0.2222222222222222, "#7201a8"], [0.3333333333333333, "#9c179e"], [0.4444444444444444, "#bd3786"], [0.5555555555555556, "#d8576b"], [0.6666666666666666, "#ed7953"], [0.7777777777777778, "#fb9f3a"], [0.8888888888888888, "#fdca26"], [1.0, "#f0f921"]]}, "colorway": ["#636efa", "#EF553B", "#00cc96", "#ab63fa", "#FFA15A", "#19d3f3", "#FF6692", "#B6E880", "#FF97FF", "#FECB52"], "font": {"color": "#2a3f5f"}, "geo": {"bgcolor": "white", "lakecolor": "white", "landcolor": "#E5ECF6", "showlakes": true, "showland": true, "subunitcolor": "white"}, "hoverlabel": {"align": "left"}, "hovermode": "closest", "mapbox": {"style": "light"}, "paper_bgcolor": "white", "plot_bgcolor": "#E5ECF6", "polar": {"angularaxis": {"gridcolor": "white", "linecolor": "white", "ticks": ""}, "bgcolor": "#E5ECF6", "radialaxis": {"gridcolor": "white", "linecolor": "white", "ticks": ""}}, "scene": {"xaxis": {"backgroundcolor": "#E5ECF6", "gridcolor": "white", "gridwidth": 2, "linecolor": "white", "showbackground": true, "ticks": "", "zerolinecolor": "white"}, "yaxis": {"backgroundcolor": "#E5ECF6", "gridcolor": "white", "gridwidth": 2, "linecolor": "white", "showbackground": true, "ticks": "", "zerolinecolor": "white"}, "zaxis": {"backgroundcolor": "#E5ECF6", "gridcolor": "white", "gridwidth": 2, "linecolor": "white", "showbackground": true, "ticks": "", "zerolinecolor": "white"}}, "shapedefaults": {"line": {"color": "#2a3f5f"}}, "ternary": {"aaxis": {"gridcolor": "white", "linecolor": "white", "ticks": ""}, "baxis": {"gridcolor": "white", "linecolor": "white", "ticks": ""}, "bgcolor": "#E5ECF6", "caxis": {"gridcolor": "white", "linecolor": "white", "ticks": ""}}, "title": {"x": 0.05}, "xaxis": {"automargin": true, "gridcolor": "white", "linecolor": "white", "ticks": "", "title": {"standoff": 15}, "zerolinecolor": "white", "zerolinewidth": 2}, "yaxis": {"automargin": true, "gridcolor": "white", "linecolor": "white", "ticks": "", "title": {"standoff": 15}, "zerolinecolor": "white", "zerolinewidth": 2}}}, "title": {"text": "<b>Correlation between song features</b>"}, "xaxis": {"constrain": "domain", "scaleanchor": "y"}, "yaxis": {"autorange": "reversed", "constrain": "domain"}},
                        {"displayModeBar": false, "showTips": false, "responsive": true}
                    )
                };
                
            </script>
        </div>
</body>
</html>